0.540302 -0.841471 0 -0 0.841471 0.540302 0 -0 0 0 1 -0
0.540305 -0.841465 -0.00275762 0.00343939 0.841469 0.540304 0.00104289 0.00184528 0.000612399 -0.00288393 0.999996 -0.0395869
0.541933 -0.839658 0.0358199 -0.0493495 0.840211 0.540349 -0.0454837 0.143907 0.0188355 0.0547454 0.998323 -4.24172
0.540305 -0.841469 0.000986425 0.002348 0.841469 0.540302 -0.00192536 0.00702828 0.00108716 0.00187033 0.999998 -0.162317
0.540305 -0.841432 0.00786927 0.00238739 0.841451 0.540331 0.00145656 0.00960031 -0.00547761 0.00583462 0.999968 -0.218998
0.540304 -0.841467 0.00200029 0.00248587 0.84147 0.540303 -0.00121244 0.0130477 -6.05371e-05 0.00233827 0.999997 -0.327982
0.540307 -0.84145 0.00549846 0.00340341 0.841464 0.540312 -0.000663179 0.0177178 -0.00241285 0.00498508 0.999985 -0.44393
0.540317 -0.841426 0.0076986 0.00262817 0.841458 0.540319 -0.00200888 0.0213922 -0.00246937 0.00756348 0.999968 -0.540852
0.540318 -0.841451 0.00400987 0.00150288 0.84146 0.540303 -0.00422333 0.0259311 0.00138718 0.00565609 0.999983 -0.691003
0.540327 -0.841319 0.0151314 0.0017586 0.841413 0.540392 0.000265246 0.0285301 -0.00840004 0.0125884 0.999885 -0.742479
0.540336 -0.841333 0.0139758 0.00070825 0.841427 0.540367 -0.00178047 0.0339111 -0.00605409 0.0127217 0.999901 -0.936733
0.54036 -0.841401 0.00749389 0.000589469 0.84143 0.540306 -0.00810846 0.0367693 0.00277347 0.0106871 0.999939 -1.03436
0.540383 -0.841333 0.0120888 -0.00229475 0.841419 0.540326 -0.00783802 0.0456849 6.24995e-05 0.0144073 0.999896 -1.26588
0.540388 -0.841319 0.0127823 -0.0027711 0.841416 0.54033 -0.00790795 0.0477959 -0.000253543 0.0150286 0.999887 -1.32171
0.540442 -0.841333 0.00904656 -0.00540112 0.841352 0.540303 -0.0141137 0.0534596 0.00698647 0.015239 0.999859 -1.52164
0.540452 -0.84125 0.014511 -0.0074668 0.841373 0.540327 -0.0117631 0.0573626 0.00205501 0.0185665 0.999826 -1.62405
0.540461 -0.841259 0.0136217 -0.0100203 0.841362 0.540319 -0.0128427 0.0633425 0.00344398 0.0184018 0.999825 -1.77757
0.540573 -0.841013 0.0218474 -0.0124009 0.841297 0.540377 -0.0145741 0.0670794 0.000451151 0.0262585 0.999655 -1.88236
0.54061 -0.841172 0.0130697 -0.0175607 0.841206 0.540303 -0.0211093 0.0731209 0.0106949 0.0224062 0.999692 -2.09846
0.540649 -0.840988 0.0209239 -0.0200617 0.841237 0.540347 -0.0185762 0.0769431 0.00431621 0.0276452 0.999608 -2.19505
0.54084 -0.840806 0.0231871 -0.0301604 0.841086 0.540339 -0.0246815 0.0881567 0.00822345 0.0328511 0.999426 -2.55636
0.540911 -0.840923 0.0162202 -0.0359532 0.840904 0.540302 -0.0308902 0.092359 0.0172125 0.0303484 0.999391 -2.69485
0.541052 -0.840456 0.0299474 -0.0462638 0.840959 0.540387 -0.0277638 0.1017 0.0071511 0.0402062 0.999166 -2.96241
0.541097 -0.840584 0.025177 -0.0517367 0.84086 0.540326 -0.0316545 0.105308 0.0130044 0.0382985 0.999182 -3.08154
0.541208 -0.840414 0.0282615 -0.0624913 0.840796 0.540343 -0.0330406 0.112847 0.0124969 0.041644 0.999054 -3.31819
0.541357 -0.840367 0.0267528 -0.0655651 0.840616 0.540317 -0.0377066 0.114892 0.0172324 0.0429016 0.998931 -3.38927
0.541379 -0.840286 0.0287885 -0.0754736 0.840633 0.54033 -0.0371402 0.123031 0.0156531 0.0443075 0.998895 -3.62293
0.54149 -0.840307 0.0259415 -0.0833275 0.840452 0.540307 -0.0413467 0.127937 0.0207275 0.0441914 0.998808 -3.75362
0.541635 -0.839948 0.0334572 -0.0913518 0.840462 0.540352 -0.0405313 0.133725 0.0159655 0.0500726 0.998618 -3.90907
0.541706 -0.84004 0.0297866 -0.0993896 0.840307 0.540315 -0.044088 0.138398 0.0209416 0.0489126 0.998584 -4.06651
0.54174 -0.839928 0.0322164 -0.106902 0.840328 0.54033 -0.0434936 0.142724 0.019124 0.0506346 0.998534 -4.19623
0.541873 -0.839654 0.0368164 -0.115521 0.840292 0.540367 -0.0437403 0.1472 0.0168323 0.0546382 0.998364 -4.33479
0.540568 -0.841147 0.01607 -0.160808 0.841279 0.540319 -0.0174898 0.114158 0.00602852 0.0229738 0.999718 -3.34815
0.540399 -0.841309 0.0129733 -0.151781 0.841409 0.540328 -0.00875334 0.10006 0.000354422 0.0156461 0.999878 -2.88701
0.540508 -0.841214 0.0145059 -0.142278 0.841324 0.540317 -0.0152123 0.0854532 0.00495898 0.0204265 0.999779 -2.45409
0.542203 -0.839876 0.0249697 -0.0349771 0.839558 0.540316 -0.0565783 0.00289885 0.0340273 0.0516405 0.998086 -0.0641451
0.542117 -0.839571 0.0350626 -0.0648633 0.84 0.540328 -0.0494654 0.151669 0.0225845 0.0562686 0.99816 -4.49224
0.643018 -0.741738 -0.190665 -0.0768583 0.741313 0.540303 0.398156 0.00458456 -0.192311 -0.397364 0.897284 -0.0578581
0.582718 -0.802943 -0.125389 0.021587 0.800406 0.54034 0.259583 0.0085171 -0.140678 -0.251625 0.957546 -0.200106
